****** the dead loc details for batches ******
10 101 0 1 0.0980392
0 73 0 0 0
37 122 0 1 0.300813
0 30 0 0 0
27 90 0 0 0.3
63 63 0 0 1
0 63 0 0 0
0 63 0 0 0
0 63 0 0 0
0 63 0 0 0
0 63 0 0 0
10 73 0 0 0.136986
0 63 0 0 0
0 63 0 0 0
0 63 0 0 0
0 63 0 0 0
0 63 0 0 0
0 63 0 0 0
25 100 0 0 0.25
45 72 0 0 0.625
30 86 0 1 0.344828
0 43 0 0 0
0 43 0 0 0
0 43 0 0 0
0 63 0 0 0
0 63 0 0 0
0 63 0 0 0
0 63 0 0 0
0 63 0 0 0
0 63 0 0 0
0 63 0 0 0
0 63 0 0 0
0 63 0 0 0
0 63 0 0 0
0 63 0 0 0
0 63 0 0 0
0 63 0 0 0
0 63 0 0 0
10 73 0 0 0.136986
0 63 0 0 0
0 63 0 0 0
0 63 0 0 0
0 63 0 0 0
0 63 0 0 0
0 63 0 0 0
0 63 0 0 0
0 63 0 0 0
0 63 0 0 0
0 63 0 0 0
0 63 0 0 0
0 63 0 0 0
0 63 0 0 0
10 73 0 0 0.136986
0 63 0 0 0
0 63 0 0 0
0 63 0 0 0
0 63 0 0 0
0 63 0 0 0
0 63 0 0 0
0 63 0 0 0
0 63 0 0 0
0 63 0 0 0
0 63 0 0 0
0 63 0 0 0
0 63 0 0 0
0 63 0 0 0
0 63 0 0 0
10 73 0 1 0.135135
0 63 0 0 0
0 63 0 0 0
0 63 0 0 0
0 63 0 0 0
0 63 0 0 0
0 63 0 0 0
0 63 0 0 0
0 63 0 0 0
0 63 0 0 0
0 63 0 0 0
0 63 0 0 0
0 63 0 0 0
1 67 0 0 0.0149254
9 72 0 1 0.123288
0 63 0 0 0
0 63 0 0 0
0 63 0 0 0
0 63 0 0 0
0 63 0 0 0
0 63 0 0 0
0 63 0 0 0
0 63 0 0 0
0 63 0 0 0
0 63 0 0 0
0 63 0 0 0
0 63 0 0 0
0 63 0 0 0
10 73 0 0 0.136986
0 63 0 0 0
0 63 0 0 0
0 63 0 0 0
0 63 0 0 0
0 63 0 0 0
0 63 0 0 0
0 63 0 0 0
0 63 0 0 0
0 63 0 0 0
0 63 0 0 0
0 63 0 0 0
0 63 0 0 0
0 63 0 0 0
10 73 0 0 0.136986
0 63 0 0 0
0 63 0 0 0
0 63 0 0 0
0 63 0 0 0
0 63 0 0 0
0 63 0 0 0
0 63 0 0 0
0 63 0 0 0
0 63 0 0 0
0 63 0 0 0
0 63 0 0 0
0 63 0 0 0
0 63 0 0 0
10 73 0 0 0.136986
0 63 0 0 0
0 63 0 0 0
0 63 0 0 0
0 63 0 0 0
0 63 0 0 0
0 63 0 0 0
0 63 0 0 0
0 63 0 0 0
0 63 0 0 0
0 63 0 0 0
0 63 0 0 0
0 63 0 0 0
0 63 0 0 0
0 63 0 0 0
10 73 0 0 0.136986
0 63 0 0 0
0 63 0 0 0
0 63 0 0 0
0 63 0 0 0
0 63 0 0 0
0 63 0 0 0
0 63 0 0 0
0 63 0 0 0
0 63 0 0 0
0 63 0 0 0
0 63 0 0 0
0 63 0 0 0
0 63 0 0 0
10 73 0 0 0.136986
0 63 0 0 0
0 63 0 0 0
0 63 0 0 0
0 63 0 0 0
0 63 0 0 0
0 63 0 0 0
0 63 0 0 0
0 63 0 0 0
0 63 0 0 0
0 63 0 0 0
0 63 0 0 0
0 63 0 0 0
0 63 0 0 0
0 63 0 0 0
10 73 0 1 0.135135
0 63 0 0 0
0 63 0 0 0
0 63 0 0 0
0 63 0 0 0
0 63 0 0 0
0 63 0 0 0
0 63 0 0 0
0 63 0 0 0
0 63 0 0 0
0 63 0 0 0
0 63 0 0 0
0 63 0 0 0
10 73 0 0 0.136986
0 63 0 0 0
0 63 0 0 0
0 63 0 0 0
0 63 0 0 0
0 63 0 0 0
0 63 0 0 0
0 63 0 0 0
0 63 0 0 0
0 63 0 0 0
0 63 0 0 0
0 63 0 0 0
0 63 0 0 0
0 63 0 0 0
0 63 0 0 0
0 63 0 0 0
0 63 0 0 0
0 63 0 0 0
0 63 0 0 0
0 63 0 0 0
0 63 0 0 0
0 63 0 0 0
0 63 0 0 0
0 63 0 0 0
0 63 0 0 0
0 63 0 0 0
0 63 0 0 0
0 63 0 0 0
0 63 0 0 0
10 73 0 0 0.136986
0 63 0 0 0
0 63 0 0 0
0 63 0 0 0
0 63 0 0 0
0 63 0 0 0
0 63 0 0 0
0 63 0 0 0
0 63 0 0 0
0 63 0 0 0
0 63 0 0 0
0 63 0 0 0
0 63 0 0 0
0 63 0 0 0
10 73 0 0 0.136986
0 63 0 0 0
0 63 0 0 0
0 63 0 0 0
0 63 0 0 0
0 63 0 0 0
0 63 0 0 0
0 63 0 0 0
0 63 0 0 0
0 63 0 0 0
0 63 0 0 0
0 63 0 0 0
0 63 0 0 0
0 63 0 0 0
0 63 0 0 0
10 73 0 0 0.136986
0 63 0 0 0
0 63 0 0 0
0 63 0 0 0
0 63 0 0 0
0 63 0 0 0
0 63 0 0 0
0 63 0 0 0
0 63 0 0 0
0 63 0 0 0
0 63 0 0 0
0 63 0 0 0
0 63 0 0 0
0 63 0 0 0
10 73 0 0 0.136986
0 63 0 0 0
0 63 0 0 0
0 63 0 0 0
0 63 0 0 0
0 63 0 0 0
0 63 0 0 0
0 63 0 0 0
0 63 0 0 0
0 63 0 0 0
0 63 0 0 0
0 63 0 0 0
0 63 0 0 0
0 63 0 0 0
0 63 0 0 0
0 63 0 0 0
0 63 0 0 0
0 63 0 0 0
0 63 0 0 0
0 63 0 0 0
0 63 0 0 0
0 63 0 0 0
0 63 0 0 0
0 63 0 0 0
0 63 0 0 0
0 63 0 0 0
0 63 0 0 0
0 63 0 0 0
10 73 0 0 0.136986
0 63 0 0 0
0 63 0 0 0
0 63 0 0 0
0 63 0 0 0
0 63 0 0 0
0 63 0 0 0
0 63 0 0 0
0 63 0 0 0
0 63 0 0 0
0 63 0 0 0
0 63 0 0 0
0 63 0 0 0
0 63 0 0 0
10 73 0 0 0.136986
0 63 0 0 0
0 63 0 0 0
0 63 0 0 0
0 63 0 0 0
0 63 0 0 0
0 63 0 0 0
0 63 0 0 0
0 63 0 0 0
0 63 0 0 0
0 63 0 0 0
0 63 0 0 0
0 63 0 0 0
0 63 0 0 0
0 63 0 0 0
10 73 0 0 0.136986
0 63 0 0 0
0 63 0 0 0
0 63 0 0 0
0 63 0 0 0
0 63 0 0 0
0 63 0 0 0
0 63 0 0 0
0 63 0 0 0
0 63 0 0 0
0 63 0 0 0
0 63 0 0 0
0 63 0 0 0
0 63 0 0 0
10 73 0 0 0.136986
0 63 0 0 0
0 63 0 0 0
0 63 0 0 0
0 63 0 0 0
0 63 0 0 0
0 63 0 0 0
0 63 0 0 0
0 63 0 0 0
0 63 0 0 0
0 63 0 0 0
0 63 0 0 0
0 63 0 0 0
0 63 0 0 0
0 63 0 0 0
10 73 0 0 0.136986
0 63 0 0 0
0 63 0 0 0
0 63 0 0 0
0 63 0 0 0
0 63 0 0 0
0 63 0 0 0
0 63 0 0 0
0 63 0 0 0
0 63 0 0 0
0 63 0 0 0
0 63 0 0 0
0 63 0 0 0
0 63 0 0 0
10 73 0 1 0.135135
0 63 0 0 0
0 63 0 0 0
0 63 0 0 0
0 63 0 0 0
0 63 0 0 0
0 63 0 0 0
0 63 0 0 0
0 63 0 0 0
0 63 0 0 0
0 63 0 0 0
0 63 0 0 0
0 63 0 0 0
0 63 0 0 0
6 68 0 1 0.0869565
0 80 0 0 0
0 80 0 0 0
0 73 0 0 0
9 64 0 0 0.140625
46 58 0 0 0.793103
17 27 0 0 0.62963
0 10 0 0 0
0 10 0 0 0
overall ratio: 0.022414
