****** the dead loc details for batches ******
3 53 0 2 0.0545455
0 49 1 3 0.0192308
0 49 1 3 0.0192308
0 48 0 2 0
3 43 0 2 0.0666667
49 49 2 3 0.980769
26 49 2 3 0.538462
18 48 0 2 0.36
25 80 1 2 0.317073
0 43 1 3 0.0217391
0 47 0 2 0
0 47 1 2 0.0204082
0 71 1 2 0.0136986
4 47 1 2 0.102041
3 47 0 3 0.06
0 43 0 2 0
0 47 0 2 0
0 47 1 3 0.02
0 71 2 3 0.027027
0 43 1 2 0.0222222
0 50 0 2 0
26 71 0 2 0.356164
2 41 0 2 0.0465116
3 47 0 2 0.0612245
0 71 2 3 0.027027
0 43 1 2 0.0222222
0 47 1 2 0.0204082
0 48 1 3 0.0196078
0 69 0 2 0
0 45 0 2 0
2 47 1 3 0.06
27 71 0 3 0.364865
2 43 1 3 0.0652174
0 47 1 3 0.02
0 73 1 2 0.0133333
0 45 0 2 0
0 47 0 3 0
0 71 0 2 0
0 43 0 2 0
2 47 0 2 0.0408163
3 47 1 3 0.08
29 71 2 3 0.418919
0 49 0 2 0
0 71 0 2 0
0 41 0 2 0
0 47 0 2 0
0 47 1 3 0.02
0 71 1 2 0.0136986
0 43 0 2 0
2 47 1 2 0.0612245
16 57 2 3 0.3
0 45 0 2 0
0 47 1 3 0.02
0 71 0 3 0
0 43 1 2 0.0222222
0 47 1 2 0.0204082
0 47 0 3 0
2 73 2 3 0.0526316
2 45 0 2 0.0425532
3 47 0 3 0.06
0 43 0 2 0
0 47 1 2 0.0204082
0 47 1 3 0.02
0 71 1 2 0.0136986
0 47 1 2 0.0204082
0 47 0 3 0
26 71 0 2 0.356164
2 41 0 2 0.0465116
3 47 0 2 0.0612245
0 71 1 2 0.0136986
0 43 1 2 0.0222222
0 47 0 2 0
0 64 0 3 0
0 60 0 2 0
0 45 0 2 0
2 47 1 3 0.06
27 71 1 3 0.378378
2 43 1 2 0.0666667
0 47 1 3 0.02
0 73 1 2 0.0133333
0 45 0 2 0
0 47 0 3 0
0 71 0 2 0
0 43 0 2 0
0 47 1 2 0.0204082
2 47 2 3 0.08
29 71 1 2 0.410959
0 47 0 3 0
0 71 0 2 0
0 41 0 2 0
0 47 0 2 0
0 47 1 3 0.02
0 71 2 3 0.027027
0 43 0 2 0
2 47 1 2 0.0612245
16 72 2 3 0.24
0 45 0 2 0
0 47 0 3 0
0 71 0 3 0
0 43 1 2 0.0222222
0 47 0 2 0
0 47 1 3 0.02
2 73 1 2 0.04
2 45 0 2 0.0425532
3 47 0 3 0.06
1 43 0 2 0.0222222
1 47 1 2 0.0408163
1 47 0 3 0.02
19 98 2 4 0.205882
25 82 2 4 0.313953
0 43 1 2 0.0222222
0 47 1 2 0.0204082
2 47 1 3 0.06
31 73 1 2 0.426667
0 47 0 2 0
0 71 0 2 0
0 43 0 2 0
0 47 0 3 0
0 47 0 3 0
0 71 2 4 0.0266667
2 43 0 2 0.0444444
2 47 1 2 0.0612245
3 47 1 3 0.08
0 43 1 2 0.0222222
0 47 0 2 0
0 47 1 3 0.02
0 73 1 2 0.0133333
0 45 0 2 0
0 47 0 2 0
26 71 0 2 0.356164
2 43 0 2 0.0444444
3 47 1 2 0.0816327
0 71 0 2 0
0 47 0 2 0
0 47 0 2 0
0 71 0 2 0
0 41 0 2 0
0 47 1 3 0.02
2 47 1 3 0.06
27 71 1 2 0.383562
2 43 0 2 0.0444444
0 74 0 3 0
0 41 0 2 0
0 45 0 2 0
0 47 1 3 0.02
0 71 1 4 0.0133333
0 43 0 2 0
0 47 0 2 0
2 47 2 3 0.08
31 73 0 2 0.413333
0 47 0 2 0
0 71 0 2 0
0 43 0 2 0
0 47 1 2 0.0204082
0 47 1 3 0.02
0 71 1 2 0.0136986
2 47 1 2 0.0612245
3 47 0 2 0.0612245
32 71 0 2 0.438356
0 47 1 2 0.0204082
0 47 1 3 0.02
0 71 1 2 0.0136986
0 43 1 2 0.0222222
0 47 1 2 0.0204082
0 74 0 3 0
2 41 0 2 0.0465116
2 45 0 2 0.0425532
3 47 1 2 0.0816327
0 43 1 2 0.0222222
0 47 1 2 0.0204082
0 47 1 3 0.02
0 73 1 2 0.0133333
0 45 0 2 0
0 47 0 2 0
26 71 0 2 0.356164
2 43 0 2 0.0444444
3 47 1 2 0.0816327
0 71 1 2 0.0136986
0 47 0 2 0
0 47 0 2 0
0 71 0 2 0
0 43 0 2 0
0 47 0 2 0
0 47 2 3 0.04
26 71 0 2 0.356164
2 43 0 2 0.0444444
0 71 0 2 0
0 41 0 2 0
0 47 0 2 0
0 47 1 2 0.0204082
0 71 2 3 0.027027
0 43 0 2 0
0 47 1 2 0.0204082
2 47 2 3 0.08
31 73 1 2 0.426667
0 47 0 2 0
0 71 0 2 0
0 43 0 2 0
0 47 1 2 0.0204082
0 47 2 3 0.04
0 71 0 2 0
2 47 1 2 0.0612245
3 47 0 2 0.0612245
30 71 0 2 0.410959
0 47 0 3 0
0 47 1 3 0.02
0 71 1 2 0.0136986
0 43 1 2 0.0222222
0 50 1 2 0.0192308
0 71 0 2 0
2 41 0 2 0.0465116
2 47 0 2 0.0408163
3 47 0 2 0.0612245
1 43 1 2 0.0444444
1 47 1 2 0.0408163
0 47 1 3 0.02
12 98 1 3 0.128713
25 86 2 4 0.3
0 43 1 2 0.0222222
2 50 1 2 0.0576923
27 71 0 2 0.369863
2 41 0 2 0.0465116
0 47 1 3 0.02
0 71 1 2 0.0136986
0 47 1 2 0.0204082
0 47 0 3 0
0 71 0 2 0
0 41 0 2 0
2 47 0 2 0.0408163
3 47 1 3 0.08
30 71 1 2 0.424658
0 47 0 2 0
0 47 1 3 0.02
0 73 1 2 0.0133333
0 45 0 2 0
0 47 0 3 0
0 71 0 2 0
2 43 0 2 0.0444444
2 47 1 2 0.0612245
3 47 1 3 0.08
0 47 0 2 0
0 47 0 3 0
0 71 0 2 0
0 41 0 2 0
0 47 0 2 0
0 47 1 3 0.02
2 71 2 3 0.0540541
2 43 0 2 0.0444444
2 47 1 2 0.0612245
0 59 0 2 0
0 45 0 2 0
0 47 1 3 0.02
0 71 0 3 0
0 43 1 2 0.0222222
0 47 1 2 0.0204082
0 47 1 3 0.02
28 73 1 2 0.386667
3 45 0 2 0.0638298
0 71 0 2 0
0 43 0 2 0
0 47 0 2 0
0 47 1 3 0.02
0 71 2 3 0.027027
0 47 1 2 0.0204082
2 47 0 3 0.04
27 71 0 2 0.369863
2 41 0 2 0.0465116
0 47 1 3 0.02
0 71 0 2 0
0 43 1 2 0.0222222
0 47 1 2 0.0204082
0 72 1 3 0.0133333
0 48 0 2 0
2 45 0 2 0.0425532
3 47 1 3 0.08
30 71 1 2 0.424658
0 47 1 2 0.0204082
0 47 1 3 0.02
0 73 2 3 0.0263158
0 45 0 2 0
0 47 0 3 0
0 71 0 2 0
2 43 0 2 0.0444444
2 47 1 2 0.0612245
3 47 2 3 0.1
0 47 0 2 0
0 47 0 3 0
0 71 0 2 0
0 41 0 2 0
0 47 0 2 0
0 47 1 3 0.02
0 71 1 2 0.0136986
2 43 0 2 0.0444444
2 47 1 2 0.0612245
0 41 0 2 0
0 45 0 2 0
0 47 0 2 0
0 71 1 2 0.0136986
0 43 0 2 0
0 47 0 2 0
0 47 1 3 0.02
28 73 0 2 0.373333
3 45 0 2 0.0638298
0 71 0 2 0
0 43 0 2 0
0 47 1 2 0.0204082
0 47 1 3 0.02
0 71 1 2 0.0136986
0 47 1 2 0.0204082
2 47 0 3 0.04
27 71 0 2 0.369863
2 41 0 2 0.0465116
0 47 1 3 0.02
0 71 2 3 0.027027
0 43 1 2 0.0222222
0 47 1 2 0.0204082
0 74 0 3 0
0 41 0 2 0
2 45 0 2 0.0425532
3 47 1 2 0.0816327
30 71 1 2 0.424658
1 47 0 2 0.0204082
0 47 1 3 0.02
12 98 0 3 0.118812
25 83 1 3 0.302326
0 43 1 2 0.0222222
0 50 0 2 0
26 71 0 2 0.356164
2 41 0 2 0.0465116
3 45 0 2 0.0638298
0 71 0 2 0
0 43 0 2 0
0 47 1 2 0.0204082
0 47 1 3 0.02
0 71 1 2 0.0136986
0 43 1 2 0.0222222
0 47 1 2 0.0204082
12 58 1 3 0.213115
21 60 0 2 0.33871
0 47 0 3 0
0 71 0 2 0
0 43 0 2 0
0 47 0 2 0
0 47 2 3 0.04
0 71 1 2 0.0136986
0 43 0 2 0
5 50 0 2 0.0961538
32 71 0 2 0.438356
0 47 0 2 0
0 47 1 3 0.02
0 71 1 2 0.0136986
0 43 0 2 0
0 47 1 2 0.0204082
0 54 0 3 0
2 63 0 2 0.0307692
2 45 0 2 0.0425532
3 47 1 3 0.08
0 43 1 3 0.0217391
0 47 1 2 0.0204082
0 47 1 3 0.02
0 73 1 2 0.0133333
0 45 0 2 0
0 47 0 3 0
26 71 0 2 0.356164
2 43 0 2 0.0444444
3 47 0 2 0.0612245
0 71 1 2 0.0136986
0 47 1 2 0.0204082
0 47 0 3 0
0 71 0 2 0
0 41 0 2 0
0 47 0 2 0
2 47 2 3 0.08
27 71 0 2 0.369863
2 43 1 2 0.0666667
0 62 0 3 0
0 60 0 2 0
0 45 0 2 0
0 47 0 3 0
0 71 1 3 0.0135135
0 43 1 2 0.0222222
0 47 1 2 0.0204082
2 47 2 3 0.08
31 73 1 2 0.426667
0 47 0 3 0
0 71 0 2 0
0 43 0 2 0
0 47 1 2 0.0204082
0 47 2 3 0.04
0 71 0 2 0
2 47 1 2 0.0612245
3 47 0 3 0.06
32 71 0 2 0.438356
0 47 0 2 0
0 47 0 3 0
0 71 1 2 0.0136986
0 43 1 2 0.0222222
0 47 1 2 0.0204082
0 70 1 3 0.0136986
2 60 0 2 0.0322581
2 45 0 2 0.0425532
3 47 0 3 0.06
0 43 1 2 0.0222222
0 47 0 2 0
0 47 2 3 0.04
0 73 0 2 0
0 45 0 2 0
0 47 0 3 0
26 71 0 2 0.356164
2 43 0 2 0.0444444
3 47 1 2 0.0816327
0 71 1 2 0.0136986
0 47 1 2 0.0204082
0 47 0 3 0
0 71 0 2 0
0 41 0 2 0
0 47 0 2 0
2 47 2 3 0.08
27 71 1 2 0.383562
2 43 1 2 0.0666667
0 72 1 3 0.0133333
0 56 0 2 0
0 45 0 2 0
0 47 1 3 0.02
0 71 1 3 0.0135135
0 43 1 2 0.0222222
0 47 1 2 0.0204082
2 47 1 3 0.06
31 73 1 2 0.426667
0 47 0 3 0
1 71 0 2 0.0136986
1 43 0 2 0.0222222
1 47 0 2 0.0204082
1 47 1 3 0.04
25 91 1 2 0.27957
2 45 0 2 0.0425532
2 48 0 2 0.04
3 48 0 3 0.0588235
2 45 1 3 0.0625
2 48 1 2 0.06
3 48 1 3 0.0784314
62 126 1 3 0.488372
25 83 2 5 0.306818
0 43 1 3 0.0217391
0 47 1 2 0.0204082
2 47 1 3 0.06
31 73 0 2 0.413333
0 47 0 3 0
0 71 0 2 0
0 43 1 3 0.0217391
0 47 1 3 0.02
0 74 0 3 0
0 41 0 2 0
2 45 0 3 0.0416667
3 47 0 3 0.06
30 71 1 3 0.418919
0 47 1 3 0.02
0 47 1 3 0.02
0 73 2 4 0.025974
0 45 0 3 0
0 47 0 3 0
0 71 1 3 0.0135135
0 43 1 3 0.0217391
2 47 1 3 0.06
16 65 0 3 0.235294
0 45 0 2 0
0 47 0 3 0
0 71 1 3 0.0135135
0 43 1 3 0.0217391
0 47 1 3 0.02
0 47 1 3 0.02
2 73 1 3 0.0394737
2 45 0 2 0.0425532
3 47 0 3 0.06
0 43 0 3 0
0 47 1 3 0.02
0 47 1 3 0.02
0 71 1 3 0.0135135
0 47 1 3 0.02
0 47 0 3 0
26 71 0 3 0.351351
2 41 0 3 0.0454545
3 47 0 3 0.06
0 71 1 4 0.0133333
0 43 1 3 0.0217391
0 47 1 3 0.02
0 72 1 3 0.0133333
0 59 0 3 0
0 45 0 3 0
2 47 0 3 0.04
27 71 1 3 0.378378
2 43 2 3 0.0869565
0 47 1 3 0.02
0 73 1 3 0.0131579
0 45 0 3 0
0 47 0 3 0
0 71 0 2 0
0 43 0 3 0
0 47 1 3 0.02
2 47 0 3 0.04
29 71 2 4 0.413333
0 47 0 3 0
0 71 0 2 0
0 41 0 3 0
0 47 0 2 0
0 47 1 3 0.02
0 71 1 3 0.0135135
0 43 1 3 0.0217391
2 47 1 3 0.06
27 72 1 3 0.373333
0 45 0 2 0
0 47 0 3 0
0 71 1 3 0.0135135
0 43 1 3 0.0217391
0 47 1 3 0.02
0 47 0 3 0
2 73 2 4 0.0519481
2 45 0 2 0.0425532
3 47 0 3 0.06
0 43 0 3 0
0 47 1 3 0.02
0 47 1 3 0.02
0 71 1 3 0.0135135
0 47 1 3 0.02
0 47 0 3 0
26 71 0 3 0.351351
2 41 0 3 0.0454545
3 47 0 3 0.06
0 71 1 3 0.0135135
0 43 1 3 0.0217391
0 47 1 2 0.0204082
0 74 0 3 0
0 41 0 3 0
0 45 0 3 0
2 47 0 3 0.04
27 71 2 4 0.386667
2 43 1 3 0.0652174
0 47 1 3 0.02
0 73 1 3 0.0131579
0 45 0 3 0
0 47 0 3 0
0 71 0 2 0
0 43 0 3 0
0 47 1 3 0.02
2 47 1 3 0.06
29 71 1 3 0.405405
0 43 0 3 0
3 45 1 3 0.0833333
0 42 0 2 0
27 69 1 3 0.388889
2 41 0 3 0.0454545
0 40 0 2 0
2 43 1 3 0.0652174
0 43 0 3 0
11 47 1 3 0.24
overall ratio: 0.0718942
