****** the dead loc details for batches ******
17 68 0 1 0.246377
0 41 0 1 0
11 52 0 1 0.207547
0 41 0 1 0
0 41 0 1 0
41 41 0 1 0.97619
0 41 0 1 0
0 41 0 1 0
0 41 0 1 0
11 52 0 1 0.207547
0 41 0 1 0
0 41 0 1 0
0 41 0 1 0
0 41 0 1 0
0 41 0 1 0
0 41 0 1 0
0 41 0 1 0
0 41 0 1 0
0 41 0 1 0
0 41 0 1 0
0 41 0 1 0
0 41 0 1 0
0 41 0 1 0
0 41 0 1 0
0 41 0 1 0
0 41 0 1 0
0 41 0 1 0
0 41 0 1 0
0 41 0 1 0
0 41 0 1 0
0 41 0 1 0
0 41 0 1 0
0 41 0 1 0
0 41 0 1 0
0 41 0 1 0
0 41 0 1 0
0 41 0 1 0
0 41 0 1 0
0 41 0 1 0
0 41 0 1 0
0 41 0 1 0
0 41 0 1 0
0 41 0 1 0
0 41 0 1 0
7 49 0 1 0.14
4 45 0 1 0.0869565
0 41 0 1 0
0 41 0 1 0
0 41 0 1 0
0 41 0 1 0
0 41 0 1 0
0 41 0 1 0
0 41 0 1 0
0 41 0 1 0
0 41 0 1 0
0 41 0 1 0
0 41 0 1 0
0 41 0 1 0
0 41 0 1 0
0 41 0 1 0
0 41 0 1 0
0 41 0 1 0
0 41 0 1 0
0 41 0 1 0
0 41 0 1 0
0 41 0 1 0
0 41 0 1 0
0 41 0 1 0
0 41 0 1 0
0 41 0 1 0
49 79 0 1 0.6125
0 29 0 0 0
0 34 0 0 0
0 29 0 0 0
0 34 0 0 0
0 29 0 0 0
0 34 0 0 0
0 29 0 0 0
0 29 0 0 0
1 34 0 0 0.0294118
4 29 0 0 0.137931
42 110 0 1 0.378378
0 68 0 1 0
0 68 0 1 0
0 68 0 1 0
0 63 0 1 0
5 68 0 1 0.0724638
0 68 0 1 0
0 63 0 1 0
0 68 0 1 0
0 58 0 1 0
0 68 0 1 0
0 58 0 1 0
0 63 0 1 0
11 79 0 1 0.1375
0 68 0 1 0
0 68 0 1 0
0 68 0 1 0
0 63 0 1 0
0 68 0 1 0
0 63 0 1 0
0 68 0 1 0
0 63 0 1 0
0 68 0 1 0
0 58 0 1 0
0 58 0 1 0
0 63 0 1 0
0 68 0 1 0
0 58 0 1 0
0 68 0 1 0
0 58 0 1 0
0 58 0 1 0
5 68 0 1 0.0724638
0 58 0 1 0
0 68 0 1 0
0 58 0 1 0
0 68 0 1 0
0 58 0 1 0
0 63 0 1 0
0 68 0 1 0
0 58 0 1 0
5 68 0 1 0.0724638
0 58 0 1 0
0 68 0 1 0
0 58 0 1 0
11 79 0 1 0.1375
0 68 0 1 0
0 68 0 1 0
0 68 0 1 0
0 63 0 1 0
0 68 0 1 0
0 63 0 1 0
0 63 0 1 0
0 68 0 1 0
0 58 0 1 0
0 63 0 1 0
0 68 0 1 0
0 58 0 1 0
0 63 0 1 0
0 68 0 1 0
0 58 0 1 0
0 58 0 1 0
0 58 0 1 0
0 68 0 1 0
0 58 0 1 0
0 63 0 1 0
0 68 0 1 0
0 58 0 1 0
0 63 0 1 0
10 68 0 1 0.144928
0 63 0 1 0
0 68 0 1 0
0 58 0 1 0
0 63 0 1 0
0 68 0 1 0
0 58 0 1 0
0 63 0 1 0
5 68 0 1 0.0724638
0 58 0 1 0
0 68 0 1 0
0 58 0 1 0
0 63 0 1 0
0 68 0 1 0
0 58 0 1 0
0 63 0 1 0
0 68 0 1 0
0 58 0 1 0
0 63 0 1 0
0 58 0 1 0
0 63 0 1 0
0 68 0 1 0
0 58 0 1 0
0 63 0 1 0
0 68 0 1 0
0 58 0 1 0
0 63 0 1 0
10 68 0 1 0.144928
0 63 0 1 0
0 68 0 1 0
0 58 0 1 0
0 68 0 1 0
0 58 0 1 0
0 58 0 1 0
0 68 0 1 0
0 58 0 1 0
0 63 0 1 0
0 68 0 1 0
0 68 0 1 0
0 68 0 1 0
0 63 0 1 0
0 68 0 1 0
0 63 0 1 0
0 68 0 1 0
0 63 0 1 0
0 58 0 1 0
0 63 0 1 0
0 58 0 1 0
0 68 0 1 0
0 58 0 1 0
0 63 0 1 0
0 68 0 1 0
0 58 0 1 0
0 63 0 1 0
0 58 0 1 0
0 58 0 1 0
0 63 0 1 0
0 68 0 1 0
0 58 0 1 0
0 63 0 1 0
0 58 0 1 0
0 68 0 1 0
0 58 0 1 0
0 63 0 1 0
0 58 0 1 0
0 63 0 1 0
0 58 0 1 0
0 68 0 1 0
0 58 0 1 0
0 63 0 1 0
5 68 0 1 0.0724638
0 58 0 1 0
1 63 0 1 0.015625
0 66 0 1 0
0 58 0 1 0
0 63 0 1 0
0 68 0 1 0
0 58 0 1 0
0 63 0 1 0
5 68 0 1 0.0724638
0 58 0 1 0
5 63 0 1 0.078125
0 68 0 1 0
0 58 0 1 0
0 63 0 1 0
0 68 0 1 0
0 58 0 1 0
0 63 0 1 0
0 58 0 1 0
5 68 0 1 0.0724638
0 58 0 1 0
0 68 0 1 0
0 58 0 1 0
0 63 0 1 0
0 58 0 1 0
0 68 0 1 0
0 58 0 1 0
0 63 0 1 0
5 68 0 1 0.0724638
0 58 0 1 0
0 58 0 1 0
0 68 0 1 0
0 58 0 1 0
0 63 0 1 0
0 68 0 1 0
0 58 0 1 0
0 63 0 1 0
0 58 0 1 0
10 68 0 1 0.144928
0 63 0 1 0
0 68 0 1 0
0 58 0 1 0
0 63 0 1 0
0 68 0 1 0
0 58 0 1 0
0 58 0 1 0
0 63 0 1 0
10 68 0 1 0.144928
0 63 0 1 0
0 68 0 1 0
0 58 0 1 0
0 63 0 1 0
0 58 0 1 0
0 68 0 1 0
0 58 0 1 0
0 63 0 1 0
10 68 0 1 0.144928
0 63 0 1 0
0 58 0 1 0
0 68 0 1 0
0 58 0 1 0
0 63 0 1 0
0 68 0 1 0
0 58 0 1 0
0 63 0 1 0
0 58 0 1 0
0 68 0 1 0
0 63 0 1 0
0 68 0 1 0
0 68 0 1 0
0 63 0 1 0
0 68 0 1 0
0 58 0 1 0
0 63 0 1 0
5 68 0 1 0.0724638
0 58 0 1 0
0 68 0 1 0
0 58 0 1 0
0 63 0 1 0
0 68 0 1 0
0 58 0 1 0
0 63 0 1 0
5 68 0 1 0.0724638
0 58 0 1 0
0 68 0 1 0
0 58 0 1 0
0 63 0 1 0
0 68 0 1 0
0 58 0 1 0
0 63 0 1 0
5 68 0 1 0.0724638
0 58 0 1 0
0 58 0 1 0
0 68 0 1 0
0 58 0 1 0
0 63 0 1 0
0 68 0 1 0
0 58 0 1 0
0 63 0 1 0
0 68 0 1 0
0 58 0 1 0
0 63 0 1 0
0 58 0 1 0
0 63 0 1 0
0 68 0 1 0
0 58 0 1 0
0 63 0 1 0
0 58 0 1 0
0 68 0 1 0
0 58 0 1 0
0 63 0 1 0
0 58 0 1 0
0 63 0 1 0
0 68 0 1 0
0 58 0 1 0
0 63 0 1 0
0 68 0 1 0
0 58 0 1 0
0 63 0 1 0
10 68 0 1 0.144928
0 63 0 1 0
0 68 0 1 0
0 58 0 1 0
0 58 0 1 0
0 63 0 1 0
0 68 0 1 0
0 58 0 1 0
0 63 0 1 0
10 68 0 1 0.144928
0 63 0 1 0
0 68 0 1 0
0 58 0 1 0
0 63 0 1 0
0 68 0 1 0
0 58 0 1 0
0 63 0 1 0
5 68 0 1 0.0724638
0 58 0 1 0
0 58 0 1 0
0 68 0 0 0
0 58 0 1 0
0 63 0 1 0
0 68 0 1 0
0 58 0 1 0
0 63 0 1 0
5 68 0 1 0.0724638
0 58 0 1 0
0 68 0 1 0
0 58 0 1 0
0 63 0 1 0
0 68 0 1 0
0 58 0 1 0
0 63 0 1 0
5 68 0 1 0.0724638
0 58 0 1 0
5 63 0 1 0.078125
0 68 0 1 0
0 58 0 1 0
0 63 0 1 0
0 68 0 1 0
0 58 0 1 0
0 63 0 1 0
0 68 0 1 0
0 58 0 1 0
0 63 0 1 0
0 58 0 1 0
0 63 0 1 0
0 68 0 1 0
0 58 0 1 0
0 63 0 1 0
0 68 0 1 0
0 58 0 1 0
0 58 0 1 0
0 63 0 1 0
0 58 0 1 0
0 63 0 1 0
0 68 0 1 0
0 58 0 1 0
0 63 0 1 0
0 68 0 1 0
0 58 0 1 0
0 63 0 1 0
13 58 0 1 0.220339
overall ratio: 0.015541
