****** the dead loc details for batches ******
121 257 8 11 0.481343
0 136 1 3 0.00719424
0 136 0 2 0
0 136 0 2 0
0 136 0 3 0
136 136 1 2 0.992754
68 111 2 4 0.608696
0 32 0 1 0
23 61 0 1 0.370968
28 58 0 1 0.474576
7 32 0 3 0.2
56 83 4 6 0.674157
27 163 2 4 0.173653
0 136 1 3 0.00719424
0 136 1 3 0.00719424
0 136 0 2 0
0 136 0 2 0
0 136 0 2 0
0 136 0 2 0
9 136 0 2 0.0652174
125 164 0 4 0.744048
0 32 0 1 0
0 32 0 1 0
36 62 1 2 0.578125
0 21 0 3 0
95 181 5 8 0.529101
0 136 0 2 0
0 136 1 3 0.00719424
0 136 0 2 0
0 136 0 2 0
0 136 0 3 0
0 136 0 3 0
0 136 1 3 0.00719424
0 136 0 2 0
61 165 1 4 0.366864
0 136 0 2 0
0 136 0 2 0
0 136 1 3 0.00719424
0 136 0 2 0
0 136 1 3 0.00719424
0 136 0 2 0
0 136 0 2 0
47 136 1 3 0.345324
88 131 2 4 0.666667
0 32 0 2 0
32 61 1 2 0.52381
0 17 0 0 0
36 82 1 4 0.430233
15 46 0 4 0.3
0 24 1 3 0.037037
55 80 3 5 0.682353
0 136 1 3 0.00719424
0 136 0 2 0
0 136 0 2 0
0 136 0 2 0
0 136 0 2 0
0 136 0 3 0
0 136 0 2 0
0 136 0 3 0
33 164 1 3 0.203593
0 136 0 2 0
0 136 0 2 0
0 136 0 2 0
0 136 0 2 0
0 136 1 3 0.00719424
0 136 1 3 0.00719424
0 136 0 2 0
0 136 0 2 0
130 151 0 2 0.849673
0 32 0 1 0
0 29 0 1 0
0 32 0 2 0
0 32 0 2 0
15 32 0 2 0.441176
30 47 0 1 0.625
0 17 0 0 0
0 17 0 0 0
0 17 0 0 0
overall ratio: 0.15178
