****** the dead loc details for batches ******
45 96 0 0 0.46875
0 52 0 0 0
0 52 0 0 0
0 52 0 0 0
0 52 0 0 0
52 52 0 0 1
0 52 0 0 0
0 42 0 0 0
0 52 0 0 0
0 52 0 0 0
0 42 0 0 0
0 52 0 0 0
0 52 0 0 0
0 42 0 0 0
10 52 0 0 0.192308
0 52 0 0 0
0 52 0 0 0
0 42 0 0 0
0 52 0 0 0
0 52 0 0 0
0 42 0 0 0
0 52 0 0 0
0 52 0 0 0
0 42 0 0 0
0 42 0 0 0
0 52 0 0 0
0 52 0 0 0
0 42 0 0 0
0 52 0 0 0
0 52 0 0 0
0 42 0 0 0
0 52 0 0 0
10 52 0 0 0.192308
0 52 0 0 0
0 42 0 0 0
0 52 0 0 0
0 52 0 0 0
0 42 0 0 0
0 52 0 0 0
0 52 0 0 0
0 42 0 0 0
0 52 0 0 0
0 42 0 0 0
0 52 0 0 0
0 52 0 0 0
0 42 0 0 0
0 52 0 0 0
0 42 0 0 0
0 52 0 0 0
2 52 0 0 0.0384615
0 42 0 0 0
0 38 0 0 0
0 38 0 1 0
0 38 0 1 0
0 38 0 1 0
0 38 0 1 0
55 60 0 1 0.901639
6 20 0 0 0.3
0 14 0 0 0
0 14 0 0 0
overall ratio: 0.0634025
